adu_per_eV = 1.0  ; no idea
clen = 0.13
res = 4545
photon_energy = 4972
;photon_energy = 2

dim0 = ss
dim1 = fs
data = /data/%/data

;panel 0
panel0/min_fs         = 0
panel0/max_fs         = 999
panel0/min_ss         = 0
panel0/max_ss         = 999
panel0/corner_y       = -500
panel0/fs             = 1.0x
panel0/ss             = 1.0y
panel0/clen           = 1.3000000e-01
panel0/res            = 4.5454545e+03
panel0/coffset        = 0.0000000e+00
panel0/adu_per_eV     = 1.0000000e+00
panel0/max_adu        = 1.0000000e+06
panel0/px             = 1000
panel0/py             = 1000
panel0/pix_width      = 2.2000000e-04
panel0/d              = 1.3000000e-01
panel0/corner_x       = -500

